12 3
0 20 39 7 82 44 22 2 82 87 17 52
20 0 52 22 90 37 28 18 92 81 29 32
39 52 0 37 86 77 38 39 44 78 39 63
7 22 37 0 80 51 22 6 75 87 20 48
82 90 86 80 0 81 62 84 94 29 66 91
44 37 77 51 81 0 49 45 63 71 61 19
22 28 38 22 62 49 0 22 72 77 21 44
2 18 39 6 84 45 22 0 80 88 19 50
82 92 44 75 94 63 72 80 0 77 68 74
87 81 78 87 29 71 77 88 77 0 86 74
17 29 39 20 66 61 21 19 68 86 0 57
52 32 63 48 91 19 44 50 74 74 57 0
