14 11
0 32 70 16 46 19 88 38 37 61 73 40 40 43
32 0 40 45 15 38 67 24 56 49 99 49 44 63
70 40 0 76 25 57 69 39 78 15 68 35 31 67
16 45 76 0 53 31 75 42 27 76 79 47 56 45
46 15 25 53 0 37 66 34 61 35 93 35 55 54
19 38 57 31 37 0 75 24 45 69 68 44 38 60
88 67 69 75 66 75 0 75 72 66 90 75 59 99
38 24 39 42 34 24 75 0 55 49 75 45 29 43
37 56 78 27 61 45 72 55 0 65 92 66 67 63
61 49 15 76 35 69 66 49 65 0 77 45 31 69
73 99 68 79 93 68 90 75 92 77 0 93 76 57
40 49 35 47 35 44 75 45 66 45 93 0 43 62
40 44 31 56 55 38 59 29 67 31 76 43 0 50
43 63 67 45 54 60 99 43 63 69 57 62 50 0
