16 0
0 13 39 59 84 79 51 60 71 93 48 35 77 41 17 17
13 0 42 52 73 66 41 65 65 95 50 22 74 37 11 9
39 42 0 82 64 74 77 37 52 65 52 21 81 68 47 36
59 52 82 0 69 42 61 45 66 56 32 70 61 72 45 58
84 73 64 69 0 33 94 34 69 83 81 63 32 56 73 67
79 66 74 42 33 0 75 42 57 96 50 79 61 41 72 69
51 41 77 61 94 75 0 84 27 61 30 62 87 50 52 43
60 65 37 45 34 42 84 0 70 89 63 56 65 53 60 67
71 65 52 66 69 57 27 70 0 81 49 72 77 67 76 64
93 95 65 56 83 96 61 89 81 0 48 79 71 64 89 87
48 50 52 32 81 50 30 63 49 48 0 44 62 64 55 42
35 22 21 70 63 79 62 56 72 79 44 0 73 59 31 21
77 74 81 61 32 61 87 65 77 71 62 73 0 59 82 69
41 37 68 72 56 41 50 53 67 64 64 59 59 0 43 39
17 11 47 45 73 72 52 60 76 89 55 31 82 43 0 18
17 9 36 58 67 69 43 67 64 87 42 21 69 39 18 0
